<<<<<<< HEAD
11111111100000010000000100010011
00000000100000010010000000100011
00000000100100010010010010100011
00000000000001010000010000010011
00000000000001011000010010010011
00000000000001000100011001100011
01000000100101000000010000110011
11111110000000000000110011100011
00000000000001000000010100010011
00000000000000010010010000000011
00000000010000010010010010000011
00000000100000010000000100010011
00000000000000001000000001100111
=======
00000000001000000000000010110011
01000000011100000000001100110011
00000001111100000100001110110011
00000000111101110110111000110011
00000001010100011111111110110011
00000000000000111001010110110011
00000000110101100101010110110011
01000001011010101101101000110011
00000001000001111010011100110011
00000001001110010011010010110011
01111111111100010000000010010011
10000000000000010000000010010011
00001100110001011000011010010011
01000000010100010100001000010011
01000000010100011110001010010011
00111110100000011111001100010011
00000001111100011001001110010011
00000001111100011101010010010011
00000001010000011101010100010011
00000110000100010000001000100011
11110010001100100001110000100011
00000000111100011010101000100011
00000000011000101000011001100011
11111110100000111001110011100011
00000000110101100100101001100011
11111110111101110101010011100011
00000001000110000110111001100011
00000100111001100111011101100011
00111110100000000000010011101111
00000000110100010000011000000011
00000011100000011001100000000011
00000100001100010010001010000011
00000010110001001100001110000011
00000100110101001101010000000011
10111111111111111111011000110111
00000000000000000000011010010111
00000000000000000000000001110011
00000010000000000000000001110011
00000000101000000000001100010011
00000000000000000000001110010011
00000000000100000000111000010011
00000000000000000000111010010011
00000000001000000000111100010011
00000010000000110000001001100011
00000010011011110101000001100011
00000001110000111000111010110011
01000000011100111000001110110011
00000001110000111000001110110011
01000001110011100000111000110011
00000001110111100000111000110011
00000000000111110000111100010011
11111110010111111111000011101111
00000000000000000000000000110011
>>>>>>> f373532ed7d12c0df984f122ab1e4e8a9b3f244e
